-0.000159
-0.000430
-0.000562
-0.000490
-0.000205
0.000228
0.000670
0.000935
0.000858
0.000372
-0.000423
-0.001257
-0.001761
-0.001610
-0.000694
0.000780
0.002290
0.003166
0.002857
0.001214
-0.001347
-0.003905
-0.005334
-0.004759
-0.002002
0.002201
0.006327
0.008579
0.007608
0.003184
-0.003488
-0.010006
-0.013559
-0.012036
-0.005052
0.005562
0.016072
0.022002
0.019800
0.008459
-0.009529
-0.028361
-0.040334
-0.038149
-0.017415
0.021485
0.072858
0.126786
0.171588
0.196987
0.196987
0.171588
0.126786
0.072858
0.021485
-0.017415
-0.038149
-0.040334
-0.028361
-0.009529
0.008459
0.019800
0.022002
0.016072
0.005562
-0.005052
-0.012036
-0.013559
-0.010006
-0.003488
0.003184
0.007608
0.008579
0.006327
0.002201
-0.002002
-0.004759
-0.005334
-0.003905
-0.001347
0.001214
0.002857
0.003166
0.002290
0.000780
-0.000694
-0.001610
-0.001761
-0.001257
-0.000423
0.000372
0.000858
0.000935
0.000670
0.000228
-0.000205
-0.000490
-0.000562
-0.000430
-0.000159
